500 
64514 40969 15370 40970 43019 98317 58381 87055 69647 67609 78877 33821 32799 15391 18464 52261 91174 35879 20529 70707 81971 56370 48189 69692 36925 
77887 52286 89153 18496 16451 92226 12358 51272 50249 45134 73806 67664 49233 72787 76885 43093 90200 85085 80995 32873 22634 55406 28783 64626 32884 
36987 18556 78975 98432 22657 52353 46210 82051 61571 13443 85125 59528 90248 66699 39050 86157 98444 80012 34959 94353 81040 78994 32916 25748 44184 
84123 58524 22687 22689 88227 28834 56483 80036 32937 95405 58541 52397 47278 52400 53425 39091 73906 55476 31924 75956 63673 26810 23743 97473 87235 
17604 30929 10449 48338 34012 54492 69855 40159 64736 73954 43240 14569 38121 41195 36076 60653 23790 19702 77046 66806 52472 73977 18683 90367 83203 
24836 21765 87306 67856 97555 77074 68884 12573 45344 15648 21793 63777 52516 46373 11558 54569 73000 16682 51499 62772 43317 51509 86327 82233 92475 
63803 63804 34110 88385 22849 53570 57667 69964 98639 57678 80212 31061 82260 17752 69976 50521 36196 87399 19816 74091 43371 30061 25966 87409 54641 
85367 46461 49535 98686 90499 62854 60810 40331 43403 72076 58765 19856 72082 45460 67989 51604 31125 50582 41367 91547 58778 93597 32157 16798 66974 
67998 63910 62892 77229 99756 80303 17839 93614 97712 14770 82355 89522 15798 30135 53689 79291 62907 45505 95687 53705 19915 24017 55763 67031 46551 
32215 26071 76250 24030 18911 75234 27108 37355 46571 57835 10732 43501 42478 79345 43506 31224 18944 45570 66051 87556 88582 73225 29193 31242 81418 
14859 51724 17934 94736 36369 42515 55827 25108 16917 84506 67103 63008 95777 85536 39458 56867 49700 86566 11820 66094 36402 64053 83508 86587 25149 
38465 51777 11842 78405 58949 12873 32332 68172 49744 56917 43612 45661 50781 70238 56930 29285 54885 95847 40554 52846 40559 57968 26227 32372 68212 
18038 24184 26234 44670 93824 96899 20100 94852 56967 97926 11912 39561 22157 43663 32402 17043 11923 92822 99990 52888 80538 30363 59037 44704 30374 
85671 40615 18088 32436 74420 66228 62135 94904 72379 45754 96955 74432 76483 76488 39628 79571 79573 58073 89816 98011 58074 31451 33499 47837 78559 
43747 74470 31465 58092 68335 41710 74478 34545 55027 30454 12023 97019 42748 20221 12029 92927 57087 82689 29440 20226 17154 65288 47883 46860 57103 
75534 81678 41756 85789 37662 55074 23331 62243 78633 16172 76588 29487 63283 69428 34613 48950 57146 13114 94010 49980 97088 84800 81728 63300 86855 
59207 73542 78666 15180 11086 63311 37712 70481 97105 47956 30550 94038 19288 40794 93019 55139 36707 14180 18279 40808 59240 82793 58217 83816 35691 
84842 16237 54127 65391 42867 86898 60275 31605 69492 65401 73595 33658 87930 43906 40840 81801 99208 57227 95117 62348 91020 94096 28561 14225 55185 
24466 88978 18326 62368 37795 31657 80812 39854 64430 66481 91059 75698 34745 92095 49086 72640 75717 30668 51150 68564 73687 96215 37847 37848 89049 
50136 20441 89050 41951 96225 49122 64485 80871 62439 24551 10224 40945 12273 81904 32756 84981 73719 45051 52219 70650 76797 93181 12284 72703 11263 
